                precision    recall  f1-score   support

     apple_pie     0.3973    0.5800    0.4715        50
  Baked Potato     0.7111    0.6400    0.6737        50
        burger     0.7551    0.7400    0.7475        50
   butter_naan     0.8163    0.8000    0.8081        50
          chai     0.6000    0.7200    0.6545        50
       chapati     0.7708    0.7400    0.7551        50
    cheesecake     0.5370    0.5800    0.5577        50
 chicken_curry     0.6190    0.5200    0.5652        50
 chole_bhature     0.9024    0.7400    0.8132        50
Crispy Chicken     0.5424    0.6400    0.5872        50
   dal_makhani     0.8750    0.7000    0.7778        50
        dhokla     0.8750    0.8400    0.8571        50
         Donut     0.6222    0.5600    0.5895        50
    fried_rice     0.8269    0.8600    0.8431        50
         Fries     0.6667    0.5600    0.6087        50
       Hot Dog     0.5227    0.4600    0.4894        50
     ice_cream     0.3373    0.5600    0.4211        50
          idli     0.7407    0.8000    0.7692        50
        jalebi     0.7541    0.9200    0.8288        50
  kaathi_rolls     0.7347    0.7200    0.7273        50
  kadai_paneer     0.7091    0.7800    0.7429        50
         kulfi     0.6400    0.6400    0.6400        50
   masala_dosa     0.5745    0.5400    0.5567        50
         momos     0.8163    0.8000    0.8081        50
      omelette     0.5455    0.3600    0.4337        50
    paani_puri     0.6944    0.5000    0.5814        50
        pakode     0.5536    0.6200    0.5849        50
     pav_bhaji     0.7544    0.8600    0.8037        50
         pizza     0.7500    0.8400    0.7925        50
        samosa     0.6038    0.6400    0.6214        50
      Sandwich     0.5000    0.2800    0.3590        50
         sushi     0.5909    0.5200    0.5532        50
          Taco     0.3774    0.4000    0.3883        50
       Taquito     0.4667    0.4200    0.4421        50

      accuracy                         0.6435      1700
     macro avg     0.6525    0.6435    0.6428      1700
  weighted avg     0.6525    0.6435    0.6428      1700
