                precision    recall  f1-score   support

     apple_pie     0.7234    0.6800    0.7010        50
  Baked Potato     0.7600    0.7600    0.7600        50
        burger     0.9565    0.8800    0.9167        50
   butter_naan     0.8200    0.8200    0.8200        50
          chai     0.9038    0.9400    0.9216        50
       chapati     0.8605    0.7400    0.7957        50
    cheesecake     0.7692    0.8000    0.7843        50
 chicken_curry     0.8163    0.8000    0.8081        50
 chole_bhature     0.9149    0.8600    0.8866        50
Crispy Chicken     0.6852    0.7400    0.7115        50
   dal_makhani     0.8491    0.9000    0.8738        50
        dhokla     0.9184    0.9000    0.9091        50
         Donut     0.8302    0.8800    0.8544        50
    fried_rice     0.8545    0.9400    0.8952        50
         Fries     0.7736    0.8200    0.7961        50
       Hot Dog     0.7586    0.8800    0.8148        50
     ice_cream     0.9388    0.9200    0.9293        50
          idli     0.9216    0.9400    0.9307        50
        jalebi     0.9400    0.9400    0.9400        50
  kaathi_rolls     0.8491    0.9000    0.8738        50
  kadai_paneer     0.8367    0.8200    0.8283        50
         kulfi     0.8864    0.7800    0.8298        50
   masala_dosa     0.9333    0.8400    0.8842        50
         momos     0.9412    0.9600    0.9505        50
      omelette     0.7708    0.7400    0.7551        50
    paani_puri     0.9070    0.7800    0.8387        50
        pakode     0.7800    0.7800    0.7800        50
     pav_bhaji     0.8000    0.9600    0.8727        50
         pizza     0.7759    0.9000    0.8333        50
        samosa     0.9318    0.8200    0.8723        50
      Sandwich     0.7609    0.7000    0.7292        50
         sushi     0.8958    0.8600    0.8776        50
          Taco     0.5636    0.6200    0.5905        50
       Taquito     0.6667    0.6000    0.6316        50

      accuracy                         0.8294      1700
     macro avg     0.8322    0.8294    0.8293      1700
  weighted avg     0.8322    0.8294    0.8293      1700
