                precision    recall  f1-score   support

     apple_pie     0.5870    0.5400    0.5625        50
  Baked Potato     0.7000    0.5600    0.6222        50
        burger     0.8000    0.8800    0.8381        50
   butter_naan     0.7458    0.8800    0.8073        50
          chai     0.8654    0.9000    0.8824        50
       chapati     0.8140    0.7000    0.7527        50
    cheesecake     0.6557    0.8000    0.7207        50
 chicken_curry     0.6304    0.5800    0.6042        50
 chole_bhature     0.8000    0.7200    0.7579        50
Crispy Chicken     0.7059    0.4800    0.5714        50
   dal_makhani     0.8936    0.8400    0.8660        50
        dhokla     0.7857    0.8800    0.8302        50
         Donut     0.8542    0.8200    0.8367        50
    fried_rice     0.7895    0.9000    0.8411        50
         Fries     0.8039    0.8200    0.8119        50
       Hot Dog     0.8372    0.7200    0.7742        50
     ice_cream     0.7273    0.8000    0.7619        50
          idli     0.7931    0.9200    0.8519        50
        jalebi     0.9565    0.8800    0.9167        50
  kaathi_rolls     0.6769    0.8800    0.7652        50
  kadai_paneer     0.7759    0.9000    0.8333        50
         kulfi     0.7400    0.7400    0.7400        50
   masala_dosa     0.8085    0.7600    0.7835        50
         momos     0.8462    0.8800    0.8627        50
      omelette     0.5614    0.6400    0.5981        50
    paani_puri     0.7917    0.7600    0.7755        50
        pakode     0.6271    0.7400    0.6789        50
     pav_bhaji     0.7843    0.8000    0.7921        50
         pizza     0.7302    0.9200    0.8142        50
        samosa     0.8298    0.7800    0.8041        50
      Sandwich     0.6596    0.6200    0.6392        50
         sushi     0.6981    0.7400    0.7184        50
          Taco     0.5312    0.3400    0.4146        50
       Taquito     0.7241    0.4200    0.5316        50

      accuracy                         0.7512      1700
     macro avg     0.7509    0.7512    0.7459      1700
  weighted avg     0.7509    0.7512    0.7459      1700
